Begin
3
1
Y
0,2,5,5,5
1,1,4,4,4
2,2,20,20,20
Begin
3
1
Y
0,1,4,4,4
0,1,2,2,2
0,2,8,8,8
Begin
3
1
Y
0,1,4,4,4
0,1,5,5,5
0,3,10,10,10
Begin
3
1
Y
0,1,4,4,4
0,1,3,3,3
0,2,6,6,6
Begin
3
1
Y
0,1,3,3,3
0,1,3,3,3
0,1,3,3,3
Begin
3
1
Y
0,1,4,4,4
1,2,6,6,6
3,4,10,10,10
Begin
4
1
N
0,4,15,15,15
0,3,12,12,12
2,5,9,9,9
5,2,8,8,8
Begin
3
1
Y
0,2,6,6,6
0,3,7,7,7
0,2,11,11,11
Begin
3
1
Y
0,1,4,4,5
0,2,5,5,4
0,1,5,5,5
Begin
3
1
Y
0,2,6,6,7
0,3,7,7,6
0,2,11,11,11
Begin
2
1
Y
0,5,10,10,10
0,12,25,25,25
Begin
2
1
Y
0,4,10,10,10
0,13,25,25,25
Begin
3
1
Y
0,10,50,50,50
0,15,80,80.80
0,20,60,60,60
Begin
3
1
Y
0,10,50,50,50
0,15,70,70,70
0,10,40,40,40
Begin
3
1
Y
0,1,5,5,5
0,2,7,7,7
0,1,4,4,4
Begin
3
1
N
0,2,5,5,5
0,2,8,8,8
0,2,8,8,8
Begin
3
1
N
0,2,5,5,5
0,2,8,8,8
0,2,2,2,7
Begin
6
1
N
0,2,4,4,4
0,3,7,7,7
0,2,10,10,10
0,8,18,18,18
0,6,24,24,24
0,4,28,28,28
Begin
4
1
N
0,2,5,5,5
0,3,7,7,7
0,2,10,10,10
0,8,18,18,18
Begin
3
1
N
0,1,12,12,12
0,1,5,5,6
0,3,12,12,12
Begin
3
2
N
0,1,2,2,2
0,2,3,3,3
0,4,4,4,4
Begin
3
2
Y
0,1,2,2,2
0,2,4,4,4
0,4,5,5,5
Begin
4
2
Y
0,32,40,40,40
0,3,10,10,10
0,4,20,20,20
0,7,10,10,10
Begin
4
2
Y
0,40,50,50,50
0,4,10,10,10
0,5,25,25,25
0,6,10,10,10
Begin
2
1
N
0,1,2,2,2
0,1,3,3,3
Begin
4
1
Y
0,1,3,3,4
1,1,4,4,4
0,1,3,3,4
1,1,4,4,4
Begin
4
3
N
0,1,1,1,1
0,2,2,2,2
0,2,2,2,2
0,3,5,5,5
Begin
12
4
N
0,1,1,1,1
0,1,2,2,2
0,2,3,3,3
0,2,3,3,3
0,2,4,4,4
0,2,4,4,4
0,4,5,5,5
0,1,5,5,5
0,1,5,5,5
0,1,5,5,5
0,2,5,5,5
0,1,5,5,5
Begin
6
2
N
0,2,2,2,2
0,2,2,2,2
0,3,6,6,6
0,3,6,6,6
0,1,5,5,5
0,1,5,5,5
Begin
7
3
N
0,2,2,2,2
0,7,7,7,7
0,8,9,9,9
0,3,6,6,6
0,1,5,5,5
0,5,12,12,12
0,3,11,11,11
Begin
4
3
N
0,3,3,3,3
2,3,5,5,5
3,4,7,7,7
2,6,10,10,10
Begin
6
3
N
0,2,2,3,3
0,7,7,9,9
0,8,9,9,9
0,3,6,7,7
0,1,5,6,7
0,5,11,13,13
0,3,10,12,12
Begin
6
3
N
0,2,2,3,3
0,3,4,4,4
0,3,5,6,6
0,2,4,6,6
0,2,4,6,6
0,2,4,7,7